3432132096
2196381952
2196259328
3248882944
2196361216
3248885248
3224488192
2161510144
2161526528
2196295680
2212773888
3758270976
2196312576
2196373760
2196318208
3758270976
2196395264
3432132096
3758270976
2196395264
3758270976
3248998656
3498816256
3758270976
3484139776
2196373760
2161510144
3758270976
3758270976
2161541888
3758270976
3248993024
3242235648
2644574976
2196312832
3478315264
2196381952
3248939776
2196262912
2196381952
3281290752
2755329280
3432132096
3502477312
2196318208
2196357120
2196381952
2196365312
3248967168
2196120576
2196381952
3249004544
2196312320
2196357120
3268878080
3268878080
3267806976
2196381952
2161510144
3248974592
2161550592
3248907520
2196381952
2566991104
3271291904
2196405760
2161510144
3248974592
2193377024
2196381952
2161571840
2196323328
2196381952
2180058112
2161529856
2635621376
2193377024
3478315264
3248882944
3266936320
2151613696
2196381952
3248966912
3271291904
3248955648
3281292288
3242328320
3268187648
3242328320
2320506368
3276412928
3478552832
3267659776
2161560832
2677306880
3271292160
2212762624
2196373760
2212762624
2196381952
3242235648
2212762624
2196381952
2196373760
3281289216
2212762624
2196318208
2212762624
2196381952
2196365312
2193369088
3242235648
2149630720
2212762624
2161550592
2149618432
3430613504
2161509120
2159526656
2212762624
2196361216
3240649216
3271292160
2212762624
3478552832
3427267072
2161526528
3268878080
3248955648
3248881920
2196365312
2161529088
3427267072
2161528320
3260463872
3432132096
3271292160
3267126272
2175905536
3758096384
2196365312
3486754816
2196365312
3427267072
3415347712
3758270976
3270356480
3236221696
2161542144
3260463872
3249862144
3268922624
3268922624
3758270976
3268922624
3249004544
3474540288
3248891904
3259500032
3758270976
3259500032
2196312832
3248882944
3758270976
2161560320
2161529856
3242235648
2161529856
2161571840
3758270976
2161510144
3249449216
3249449216
3242235648
3758270976
3248882944
3248881664
2196365312
3758270976
2196365312
3498864640
3259427328
3248915712
3251767808
3261349888
3758270976
3248955648
2161510144
3758270976
2196361216
3242235648
2161526528
2196373760
2196420864
3268487936
2161526528
3758270976
2212813312
2161571840
3758270976
2205131776
3427267072
3758270976
3758270976
3474540288
2196312576
3758270976
3343646720
3454967040
3462539264
2566979840
2161571840
3758270976
3343646720
2161571840
3248881664
3263771904
3229219584
3758270976
2196111616
2196373760
2161513984
3758270976
3268922624
2161541888
2196420864
2360235520
3248881920
2161521920
2690571264
2197061120
2161571840
2161571840
3248882944
3242235648
3264134656
3472670720
2196365312
3248924160
3281293312
2161560320
2196365312
2161528320
3264561152
2161528320
2161528320
2196365312
3272248064
3248973056
3272248064
3477265408
3281295616
3268202240
3272248064
2196218112
2161517824
3248895488
3248882944
3242328320
2161525760
2196361216
3248882944
2161571840
3242328320
2567000320
2161529856
2161571840
3248957952
2196312832
2196381952
2196381952
2196357120
2635598336
2196381952
3248891904
2196312576
2161571840
2196381952
3226900992
3226900992
2196381952
2196381952
2212770048
3264134656
2196381952
2196381952
3261350144
3267806976
2196381952
2161528320
2196381952
3248881920
2196381952
3475251200
2196365312
3281289216
2196381952
2161532928
2196145152
2196381952
2161559552
2196365312
2196381952
3261350144
2161535232
2196381952
2196405760
3457818624
2196244992
2635607040
67109376
2161528320
3475251200
3483902208
3478621184
2172936704
3266489344
3483897088
2161526528
2161528320
3498816256
2172006656
2196312576
2196381952
3248949248
3248882944
3268194560
2196361216
2161539840
3248998656
3481901056
2161571840
2161510144
3412854528
3407178240
3407178240
3460384768
2511262976
2161510144
3281293312
3259427328
3231714560
2196361216
2196405504
3265071872
3248882944
2635598336
2161510144
2161528320
2161528320
3248939776
2635598336
3409649408
3464399616
3266517248
2196262912
2196361216
3391883776
2196312832
2197076224
3455467264
3281290752
3502477312
2195788288
2196312576
3248882944
2704605696
2196318208
2568174848
2196120576
2161571840
2311302144
2161541888
2160599552
2566991104
2196381952
3281289216
2193377024
2161571840
2196361216
2196323328
3248966144
3248955648
2196381952